0;star;0;0;1;6;61656;0;14985;61;896;218;204;54;10;49;148;38;61;92;136;-42;65;112;102;7;1;12740;968;491;284;106;59;5;55;142;27;159;25;43;0;62;112;97;8;2;10062;323;479;242;77;54;3;61;121;33;115;40;0;0;50;112;84;8;3;9843;640;482;259;87;46;5;56;129;14;77;15;216;0;66;112;104;6;4;7133;1228;910;147;180;48;10;44;115;22;36;60;134;50;85;112;105;5;5;6893;1214;39;390;135;12;22;23;206;23;27;88;89;164;31;112;104;6;stop;2023-05-30 14:48:35.872228
1;star;0;0;1;6;61528;0;15045;61;896;222;204;53;11;49;150;42;78;80;162;-42;65;112;102;7;1;12710;968;491;284;106;60;5;55;142;29;170;25;52;0;59;112;97;8;2;10062;323;479;242;77;54;3;61;121;33;115;40;0;0;47;112;84;8;3;9896;640;482;258;87;48;5;56;129;14;82;14;214;0;63;112;104;6;4;7124;1227;911;147;167;47;11;43;110;23;36;60;140;48;87;112;105;5;5;6691;1215;38;359;118;10;19;26;188;24;33;78;72;164;34;112;104;6;stop;2023-05-30 14:48:36.116427
2;star;0;0;1;6;61707;0;15131;62;896;230;203;53;11;48;152;40;78;76;171;-41;65;112;102;7;1;12736;968;491;285;106;59;4;55;143;26;138;25;45;0;61;112;97;8;2;10059;323;479;242;77;55;3;61;121;33;115;40;0;0;49;112;84;8;3;9870;640;482;258;87;48;5;57;129;15;75;16;201;1;66;112;104;6;4;7166;1227;911;148;169;48;11;43;111;22;56;38;118;48;89;112;105;5;5;6745;1214;38;363;122;10;20;25;191;24;41;64;67;164;30;112;104;6;stop;2023-05-30 14:48:36.383712
3;star;0;0;1;6;62075;0;15173;61;896;224;204;56;12;48;151;43;79;80;153;-42;64;112;102;7;1;12754;968;491;283;106;57;4;55;142;26;137;25;33;0;61;112;97;8;2;10071;323;479;242;77;55;3;61;121;33;118;39;0;0;51;112;84;8;3;9960;640;482;259;87;45;5;58;129;16;92;16;200;1;67;112;104;6;4;7317;1227;910;147;170;49;15;43;111;25;55;45;124;49;89;112;105;5;5;6800;1215;38;364;115;7;18;26;190;22;34;77;88;164;34;112;104;6;stop;2023-05-30 14:48:36.649004
4;star;0;0;1;6;61663;0;15149;61;896;227;209;55;11;49;153;40;88;66;173;-42;66;112;102;7;1;12742;968;491;284;106;57;5;55;142;26;138;25;32;0;61;112;97;8;2;10061;323;479;242;77;54;3;61;121;33;115;40;0;0;48;112;84;8;3;9815;640;482;258;87;46;5;56;129;13;69;18;217;0;65;112;104;6;4;7106;1227;910;152;166;49;13;43;112;24;44;53;101;49;87;112;105;5;5;6790;1215;39;379;135;13;20;24;200;25;28;81;68;164;32;112;104;6;stop;2023-05-30 14:48:36.945333
5;star;0;0;1;6;61606;0;15052;61;896;227;211;54;11;49;152;40;62;94;171;-41;65;112;102;7;1;12729;968;491;284;106;60;5;55;142;26;145;25;43;0;62;112;97;8;2;10060;323;479;242;77;54;3;61;121;33;115;40;0;0;49;112;84;8;3;9887;640;482;258;87;44;5;56;129;14;76;16;211;0;65;112;104;6;4;6961;1227;912;148;149;49;9;45;104;24;35;58;115;45;86;112;105;5;5;6917;1213;38;395;125;10;25;24;207;25;41;61;80;165;31;112;104;6;stop;2023-05-30 14:48:37.209506
6;star;0;0;1;6;61570;0;15050;61;896;220;203;55;11;49;149;37;78;71;167;-41;65;112;102;7;1;12701;968;491;284;106;59;5;55;142;26;138;25;49;0;61;112;97;8;2;10064;323;479;242;77;54;3;61;121;33;117;39;0;0;49;112;84;8;3;9887;640;482;259;87;46;5;57;129;16;118;10;233;0;66;112;104;6;4;7059;1227;911;151;155;49;12;45;107;19;59;30;118;47;88;112;105;5;5;6809;1213;38;380;138;10;23;24;201;24;33;68;81;165;34;112;104;6;stop;2023-05-30 14:48:37.473799
7;star;0;0;1;6;61656;0;15136;62;896;230;195;54;12;50;149;42;78;81;172;-40;64;112;102;7;1;12725;968;491;284;106;59;5;55;142;26;137;25;44;0;63;112;97;8;2;10060;323;479;242;77;54;3;61;121;33;117;39;0;0;46;112;84;8;3;9850;640;482;258;87;46;5;56;129;14;87;14;228;0;66;112;104;6;4;7114;1227;911;147;164;50;10;45;109;24;52;46;118;47;88;112;105;5;5;6771;1215;38;364;111;9;21;26;189;25;40;60;75;164;31;112;104;6;stop;2023-05-30 14:48:37.710167
8;star;0;0;1;6;61814;0;15226;62;896;226;200;55;13;50;147;42;77;83;162;-41;64;112;102;7;1;12727;968;491;284;106;60;4;55;142;26;139;25;57;0;61;112;97;8;2;10061;323;479;242;77;55;3;61;121;33;115;40;0;0;49;112;84;8;3;9821;640;482;259;87;47;5;56;129;14;71;15;226;0;67;112;104;6;4;7141;1227;910;150;159;49;12;43;108;23;36;65;108;48;87;112;105;5;5;6838;1215;39;364;137;12;21;26;193;23;35;71;60;163;34;112;104;6;stop;2023-05-30 14:48:37.988442
9;star;0;0;1;6;61893;0;15137;62;896;235;206;53;12;49;154;41;78;71;146;-41;65;112;102;7;1;12731;968;491;284;106;59;4;55;142;26;137;25;53;0;60;112;97;8;2;10060;323;479;242;77;55;3;61;121;33;115;40;0;0;48;112;84;8;3;9918;640;482;259;87;46;5;57;129;14;89;16;203;0;64;112;104;6;4;7085;1227;911;149;167;48;12;43;109;24;47;49;114;47;89;112;105;5;5;6962;1213;39;384;114;9;22;24;200;24;32;78;84;165;33;112;104;6;stop;2023-05-30 14:48:38.265680
10;star;0;0;1;6;62154;0;15185;62;896;236;202;53;12;49;154;38;65;88;161;-41;66;112;102;7;1;12704;968;491;283;106;60;4;55;142;26;138;25;56;0;60;112;97;8;2;10071;323;479;242;77;54;3;61;121;33;115;40;0;0;49;112;84;8;3;9879;640;482;258;87;46;5;57;129;16;109;13;218;0;66;112;104;6;4;7275;1227;910;149;168;47;15;43;111;26;48;47;129;49;87;112;105;5;5;7040;1213;40;402;130;8;24;24;211;24;44;53;85;165;34;112;104;6;stop;2023-05-30 14:48:38.529010
11;star;0;0;1;6;61839;0;15226;62;896;225;210;53;12;48;151;36;67;81;163;-41;65;112;102;7;1;12738;968;491;284;106;59;5;55;142;30;172;25;37;0;62;112;97;8;2;10061;323;479;242;77;54;3;61;121;33;115;40;0;0;48;112;84;8;3;9914;640;482;258;87;47;5;57;129;14;82;15;208;0;63;112;104;6;4;7071;1227;911;148;168;49;13;44;111;25;43;58;108;48;88;112;105;5;5;6829;1214;38;363;119;10;23;25;189;22;31;79;53;164;33;112;104;6;stop;2023-05-30 14:48:38.782302
12;star;0;0;1;6;61948;0;15040;61;895;225;203;54;12;48;151;42;77;79;149;-42;64;112;102;7;1;12747;968;491;283;106;59;4;55;142;26;138;25;49;0;63;112;97;8;2;10066;323;479;242;77;54;3;61;121;33;117;39;0;0;47;112;84;8;3;9937;641;482;259;87;47;4;57;129;15;72;16;221;0;64;112;104;6;4;7281;1228;909;146;174;48;16;42;113;22;33;71;114;51;87;112;105;5;5;6877;1214;38;359;125;11;21;26;189;20;20;90;79;164;31;112;104;6;stop;2023-05-30 14:48:39.030639
13;star;0;0;1;5;46748;0;12733;968;491;283;106;59;4;55;142;26;138;25;53;0;62;112;97;8;1;10062;323;479;242;77;55;3;61;121;33;117;39;0;0;49;112;84;8;2;9908;640;482;258;87;47;5;57;129;17;92;15;194;0;64;112;104;6;3;7139;1227;910;151;166;47;15;42;111;21;51;42;114;50;89;112;105;5;4;6906;1214;38;363;116;9;20;26;189;23;28;85;83;164;31;112;104;6;stop;2023-05-30 14:48:39.232291
14;star;0;0;1;6;61819;0;15074;61;896;223;207;54;11;48;149;40;70;83;147;-42;65;112;102;7;1;12752;968;491;283;106;58;4;55;142;26;138;25;48;0;62;112;97;8;2;10067;323;479;242;77;54;3;61;121;33;118;39;0;0;50;112;84;8;3;9872;640;482;258;87;45;5;56;129;14;74;16;205;0;66;112;104;6;4;7205;1227;911;146;179;46;12;45;114;26;47;50;106;48;89;112;105;5;5;6849;1213;38;386;121;9;22;24;202;23;32;77;64;165;31;112;104;6;stop;2023-05-30 14:48:39.560221
15;star;0;0;1;6;61942;0;15099;62;896;225;193;56;10;49;148;40;86;65;177;-40;65;112;102;7;1;12742;968;491;283;106;60;4;55;142;29;172;25;50;0;61;112;97;8;2;10070;323;479;242;77;55;3;61;121;33;117;39;0;0;49;112;84;8;3;9894;640;482;258;87;47;5;57;129;16;54;19;220;1;67;112;104;6;4;7210;1227;910;150;162;49;12;43;110;22;36;66;116;49;89;112;105;5;5;6927;1215;39;359;133;11;26;25;191;22;36;61;62;163;32;112;104;6;stop;2023-05-30 14:48:39.843533
16;star;0;0;1;6;62031;0;15227;61;895;227;215;56;13;49;154;42;77;79;165;-43;64;112;102;7;1;12722;968;491;284;106;59;4;55;142;26;138;25;50;0;59;112;97;8;2;10062;323;479;242;77;55;3;61;121;33;115;40;0;0;48;112;84;8;3;9941;640;482;258;87;48;5;57;129;15;117;12;197;0;65;112;104;6;4;7211;1227;910;146;165;48;13;44;109;22;43;49;115;50;88;112;105;5;5;6868;1213;38;381;124;7;21;24;199;24;35;71;85;165;32;112;104;6;stop;2023-05-30 14:48:40.070856
17;star;0;0;1;6;62261;0;15256;61;895;231;203;53;13;49;152;40;75;82;167;-42;65;112;102;7;1;12742;968;491;284;106;59;5;55;142;27;159;25;42;0;62;112;97;8;2;10065;323;479;242;77;54;3;61;121;33;115;40;0;0;48;112;84;8;3;9944;640;482;258;87;45;5;57;129;15;115;12;201;0;65;112;104;6;4;7233;1227;910;148;174;48;11;42;113;25;46;50;149;50;89;112;105;5;5;7021;1212;39;404;124;8;22;24;210;23;32;77;85;165;34;112;104;6;stop;2023-05-30 14:48:40.334153
18;star;0;0;1;6;61807;0;15015;62;897;222;210;54;11;49;151;41;80;81;168;-40;64;112;102;7;1;12736;968;491;284;106;58;4;55;142;26;138;25;50;0;61;112;97;8;2;10066;323;479;242;77;54;3;61;121;33;118;39;0;0;49;112;84;8;3;9898;640;482;259;87;48;5;57;129;16;93;17;196;0;67;112;104;6;4;7180;1227;910;148;165;48;11;44;109;22;57;39;119;49;87;112;105;5;5;6912;1214;39;380;134;11;26;24;201;24;27;85;76;164;33;112;104;6;stop;2023-05-30 14:48:40.554592
